NACA 2412                                       
 Alfa =   0.00000 Re =        0.000 Xflap,Yflap =     0.000000    0.000000
#    x        y        Cp  
   1.00000  0.00126  0.39287
   0.96489  0.00835  0.08110
   0.89116  0.02217 -0.04918
   0.81308  0.03529 -0.13997
   0.73463  0.04697 -0.21188
   0.65606  0.05713 -0.27578
   0.57752  0.06569 -0.33620
   0.49919  0.07244 -0.39574
   0.42134  0.07714 -0.46032
   0.34502  0.07921 -0.53153
   0.27017  0.07770 -0.57057
   0.19722  0.07207 -0.58487
   0.12810  0.06171 -0.56144
   0.06966  0.04714 -0.47598
   0.03308  0.03284 -0.30970
   0.01412  0.02145 -0.04312
   0.00418  0.01162  0.40145
   0.00017  0.00231  0.96006
   0.00148 -0.00659  0.64783
   0.00871 -0.01509 -0.04139
   0.02269 -0.02281 -0.28679
   0.04837 -0.03050 -0.35006
   0.09649 -0.03774 -0.31928
   0.16537 -0.04178 -0.25320
   0.24174 -0.04232 -0.18961
   0.32084 -0.04070 -0.13599
   0.40123 -0.03798 -0.10283
   0.48152 -0.03444 -0.07549
   0.56221 -0.03008 -0.04176
   0.64330 -0.02521 -0.01039
   0.72463 -0.02006  0.02001
   0.80605 -0.01472  0.05161
   0.88729 -0.00924  0.09110
   0.96399 -0.00387  0.15654
   1.00000 -0.00126  0.39287
